size(480, 120);
smooth();
strokeWeight(2);
line(20, 40, 80, 80);
line(28, 40, 88, 80);
line(36, 40, 96, 80);
line(44, 40, 104,80);
line(52, 40, 112, 80);
line(60, 40, 120, 80);
line(68, 40, 128, 80);
line(76, 40, 136, 80);
line(84, 40, 144, 80);
line(92, 40, 152, 80);
line(100, 40, 160, 80);
line(108, 40, 168, 80);
line(116, 40, 176, 80);
line(124, 40, 184, 80);
line(132, 40, 192, 80);
line(140, 40, 200, 80);
line(148, 40, 208, 80);
line(156, 40, 216, 80);
line(164, 40, 224, 80);
line(172, 40, 232, 80);
line(180, 40, 240, 80);
line(188, 40, 248, 80);
line(196 ,40, 256, 80);
line(204, 40, 264, 80);
line(212, 40, 272, 80);
line(220, 40, 280, 80);
line(228, 40, 288, 80);
line(236, 40, 296, 80);
line(244, 40, 304, 80);
line(252, 40, 312, 80);
line(260, 40, 320, 80);
line(268, 40, 328, 80);
line(276, 40, 336, 80);
line(284, 40, 344, 80);
line(292, 40, 352, 80);
line(300, 40, 360, 80); 
line(308, 40, 368, 80);
line(316, 40, 376, 80);
line(324, 40, 384, 80);
line(332, 40, 392, 80);
line(340, 40, 400, 80);
line(348, 40, 408, 80);
line(356, 40, 416, 80);
line(364, 40, 424, 80);
line(372, 40, 432, 80);
line(380, 40, 440, 80);
line(388, 40, 448, 80);
line(396, 40,456, 80);
line(404, 40,464, 80);
line(412, 40,472, 80);
line(420, 40,480, 80);
